# v_LSR(km/s)  T_B_raw(K)  T_B_smoothed(K)  [5x5 average at position A, l=189.291 b=3.025; flagged channels = nan]
 -125.1364        nan        nan
 -124.3120     1.4182     0.2410
 -123.4875     0.8232     0.1019
 -122.6630    -1.0362    -0.0536
 -121.8386    -0.6958    -0.5351
 -121.0141    -0.7773    -1.0574
 -120.1897    -0.9892    -0.8711
 -119.3652    -1.7883    -0.8338
 -118.5407    -0.1048    -0.7281
 -117.7163    -0.5097    -0.6042
 -116.8918    -0.2487    -0.5769
 -116.0674    -0.3697    -0.6522
 -115.2429    -1.6516    -0.5387
 -114.4184    -0.4813    -0.4877
 -113.5940     0.0580    -0.5794
 -112.7695     0.0060    -0.3247
 -111.9451    -0.8280    -0.4699
 -111.1206    -0.3783    -1.0154
 -110.2961    -1.2071    -1.3036
 -109.4717    -2.6696    -1.3085
 -108.6472    -1.4353    -1.2608
 -107.8228    -0.8524    -0.8320
 -106.9983    -0.1395    -0.1161
 -106.1738     0.9365     0.3602
 -105.3494     0.9102     0.6030
 -104.5249     0.9464     1.0157
 -103.7005     0.3614     1.0559
 -102.8760     1.9242     0.9563
 -102.0515     1.1373     0.7094
 -101.2271     0.4120     0.4694
 -100.4026    -0.2879    -0.0967
  -99.5782    -0.8384    -0.8160
  -98.7537    -0.9064    -1.2087
  -97.9292    -2.4593    -1.4202
  -97.1048    -1.5514    -1.3628
  -96.2803    -1.3453    -1.2366
  -95.4559    -0.5516    -0.6057
  -94.6314    -0.2752    -0.2589
  -93.8069     0.6948    -0.0653
  -92.9825     0.1826    -0.0473
  -92.1580    -0.3771     0.0440
  -91.3336    -0.4618    -0.0292
  -90.5091     0.1813    -0.0067
  -89.6846     0.3288     0.1335
  -88.8602     0.2951     0.1704
  -88.0357     0.3243    -0.0566
  -87.2113    -0.2774    -0.1022
  -86.3868    -0.9541     0.3150
  -85.5623     0.1012     0.5428
  -84.7379     2.3809     0.4249
  -83.9134     1.4632     0.4737
  -83.0890    -0.8667     0.4434
  -82.2645    -0.7102     0.0220
  -81.4400    -0.0501    -0.1210
  -80.6156     0.2738     0.1071
  -79.7911     0.7484     0.2783
  -78.9667     0.2736     0.4053
  -78.1422     0.1459     0.6405
  -77.3177     0.5849     0.8608
  -76.4933     1.4495     1.1745
  -75.6688     1.8499     1.4280
  -74.8444     1.8421     1.4885
  -74.0199     1.4139     1.3927
  -73.1954     0.8870     1.2323
  -72.3710     0.9705     1.0351
  -71.5465     1.0481     0.9737
  -70.7221     0.8562     1.1438
  -69.8976     1.1068     1.6926
  -69.0731     1.7373     2.0977
  -68.2487     3.7148     2.3662
  -67.4242     3.0736     2.3901
  -66.5998     2.1982     2.3521
  -65.7753     1.2266     1.9885
  -64.9508     1.5474     1.7834
  -64.1264     1.8965     1.8458
  -63.3019     2.0484     2.2897
  -62.4775     2.5102     2.5944
  -61.6530     3.4459     2.8109
  -60.8285     3.0708     3.0521
  -60.0041     2.9794     3.5270
  -59.1796     3.2542     3.9519
  -58.3552     4.8847     4.5345
  -57.5307     5.5704     5.0004
  -56.7062     5.9837     5.5465
  -55.8818     5.3088     6.0041
  -55.0573     5.9850     6.3579
  -54.2329     7.1725     6.7382
  -53.4084     7.3392     7.3783
  -52.5839     7.8856     7.9517
  -51.7595     8.5090     8.4502
  -50.9350     8.8520     9.0046
  -50.1106     9.6652     9.2566
  -49.2861    10.1110     9.6384
  -48.4616     9.1458    10.2938
  -47.6372    10.4179    10.8824
  -46.8127    12.1290    11.4065
  -45.9883    12.6082    12.0008
  -45.1638    12.7318    12.3019
  -44.3393    12.1171    12.2791
  -43.5149    11.9233    12.2078
  -42.6904    12.0150    12.2558
  -41.8660    12.2518    12.6612
  -41.0415    12.9717    13.1649
  -40.2170    14.1442    13.6595
  -39.3926    14.4418    14.3565
  -38.5681    14.4882    15.0232
  -37.7437    15.7369    15.2908
  -36.9192    16.3051    15.3457
  -36.0947    15.4820    15.4272
  -35.2703    14.7161    15.3110
  -34.4458    14.8958    15.1732
  -33.6214    15.1559    15.2272
  -32.7969    15.6160    15.3826
  -31.9724    15.7522    15.5617
  -31.1480    15.4931    15.9752
  -30.3235    15.7911    16.6028
  -29.4991    17.2238    17.3151
  -28.6746    18.7538    18.3983
  -27.8501    19.3139    19.1232
  -27.0257    20.9090    19.5181
  -26.2012    19.4154    19.8940
  -25.3768    19.1985    20.1975
  -24.5523    20.6334    20.2111
  -23.7278    20.8312    20.6462
  -22.9034    20.9769    21.0278
  -22.0789    21.5911    21.4458
  -21.2545    21.1062    21.8310
  -20.4300    22.7233    22.1130
  -19.6055    22.7576    22.3892
  -18.7811    22.3867    22.8838
  -17.9566    22.9721    23.4461
  -17.1322    23.5792    24.4456
  -16.3077    25.5352    25.6798
  -15.4832    27.7551    27.3960
  -14.6588    28.5575    29.9051
  -13.8343    31.5532    32.6690
  -13.0099    36.1244    35.4363
  -12.1854    39.3549    39.3354
  -11.3609    41.5912    44.9701
  -10.5365    48.0534    51.4086
   -9.7120    59.7267    58.2725
   -8.8876    68.3166    65.8442
   -8.0631    73.6748    72.5835
   -7.2386    79.4493    77.0021
   -6.4142    81.7501    79.5463
   -5.5897    81.8197    81.4007
   -4.7653    81.0377    82.1596
   -3.9408    82.9466    82.2476
   -3.1163    83.2437    81.7288
   -2.2919    82.1901    81.4896
   -1.4674    79.2261    81.0529
   -0.6430    79.8416    81.1921
    0.1815    80.7630    83.5077
    1.0060    83.9398    86.9776
    1.8304    93.7679    89.5696
    2.6549    96.5759    91.4204
    3.4793    92.8014    91.6939
    4.3038    90.0172    89.0516
    5.1283    85.3069    84.9940
    5.9527    80.5568    81.9219
    6.7772    76.2876    79.9652
    7.6016    77.4410    79.7248
    8.4261    80.2337    80.9050
    9.2506    84.1048    82.9905
   10.0750    86.4580    84.4139
   10.8995    86.7150    83.9992
   11.7239    84.5582    81.3313
   12.5484    78.1601    76.3469
   13.3729    70.7651    69.5127
   14.1973    61.5361    61.9055
   15.0218    52.5441    54.7420
   15.8462    46.5222    48.1984
   16.6707    42.3423    42.8247
   17.4952    38.0474    38.1018
   18.3196    34.6673    33.7504
   19.1441    28.9300    29.7683
   19.9685    24.7651    26.3802
   20.7930    22.4319    22.6772
   21.6175    21.1066    19.3531
   22.4419    16.1523    16.8758
   23.2664    12.3095    14.6954
   24.0908    12.3785    12.3400
   24.9153    11.5299    10.6119
   25.7398     9.3296     9.3835
   26.5642     7.5120     7.8328
   27.3887     6.1673     6.1813
   28.2131     4.6253     5.0082
   29.0376     3.2724     4.2143
   29.8621     3.4639     3.5694
   30.6865     3.5425     2.9885
   31.5110     2.9427     2.5773
   32.3354     1.7207     2.1472
   33.1599     1.2167     1.8280
   33.9844     1.3132     1.3737
   34.8088     1.9465     1.1765
   35.6333     0.6715     0.8429
   36.4577     0.7344     0.6732
   37.2822    -0.4514     0.3955
   38.1067     0.4650     0.2240
   38.9311     0.5579     0.0389
   39.7556    -0.1862     0.0092
   40.5800    -0.1908    -0.4069
   41.4045    -0.5999    -0.7950
   42.2290    -1.6153    -0.8880
   43.0534    -1.3825    -0.7137
   43.8779    -0.6513    -0.4680
   44.7023     0.6806     0.0191
   45.5268     0.6287     0.5185
   46.3513     0.8199     0.7901
   47.1757     1.1146     0.6166
   48.0002     0.7066     0.2464
   48.8246    -0.1866     0.0718
   49.6491    -1.2224    -0.0493
   50.4736    -0.0532    -0.0842
   51.2980     0.5091     0.0421
   52.1225     0.5319     0.3572
   52.9469     0.4453     0.4682
   53.7714     0.3530     0.3257
   54.5959     0.5018     0.0340
   55.4203    -0.2036    -0.2739
   56.2448    -0.9265    -0.3453
   57.0692    -1.0942    -0.4591
   57.8937    -0.0042    -0.4839
   58.7182    -0.0670    -0.5056
   59.5426    -0.3275    -0.4676
   60.3671    -1.0353    -0.5755
   61.1915    -0.9042    -0.6283
   62.0160    -0.5433    -0.6466
   62.8405    -0.3312    -0.3543
   63.6649    -0.4189    -0.0332
   64.4894     0.4260     0.0790
   65.3138     0.7013     0.0052
   66.1383     0.0176     0.0694
   66.9628    -0.6999    -0.1729
   67.7872    -0.0978    -0.2063
   68.6117    -0.7859    -0.0736
   69.4361     0.5347     0.0891
   70.2606     0.6807     0.2535
   71.0851     0.1136     0.5430
   71.9095     0.7245     0.5329
   72.7340     0.6615     0.4533
   73.5584     0.4840     0.4836
   74.3829     0.2827     0.0862
   75.2074     0.2652    -0.1904
   76.0318    -1.2625    -0.3080
   76.8563    -0.7215    -0.2103
   77.6807    -0.1040     0.0166
   78.5052     0.7715     0.1987
   79.3297     1.3996     0.0806
   80.1541    -0.3520     0.0024
   80.9786    -1.3121    -0.1220
   81.8030    -0.4949    -0.5203
   82.6275     0.1494    -0.4499
   83.4520    -0.5917    -0.1874
   84.2764        nan        nan
   85.1009        nan        nan
   85.9253        nan        nan
   86.7498        nan        nan
   87.5743        nan        nan
   88.3987        nan        nan
   89.2232        nan        nan
   90.0476        nan        nan
   90.8721        nan        nan
   91.6966        nan        nan
   92.5210        nan        nan
   93.3455        nan        nan
   94.1699        nan        nan
   94.9944        nan        nan
   95.8189        nan        nan
   96.6433        nan        nan
   97.4678        nan        nan
   98.2922        nan        nan
